Starting Dynare (version 5.5).
Calling Dynare with arguments: none
Starting preprocessing of the model file ...
Found 47 equation(s).
Evaluating expressions...done
Computing static model derivatives (order 1).
Computing dynamic model derivatives (order 1).
Processing outputs ...
done
Preprocessing completed.





Residuals of the static equations:

Equation number 1 : 0 : 1
Equation number 2 : 0 : disc
Equation number 3 : 0 : 3
Equation number 4 : 0 : 4
Equation number 5 : 0 : 5
Equation number 6 : 0 : kg
Equation number 7 : 0 : kd
Equation number 8 : 0 : lg
Equation number 9 : 0 : ld
Equation number 10 : 0 : 10
Equation number 11 : 0 : 11
Equation number 12 : 0 : qg
Equation number 13 : 0 : qd
Equation number 14 : 0 : yg
Equation number 15 : 0 : yd
Equation number 16 : 0 : wg
Equation number 17 : 0 : wd
Equation number 18 : 0 : e
Equation number 19 : 0 : 19
Equation number 20 : 0 : 20
Equation number 21 : 0 : 21
Equation number 22 : 0 : y
Equation number 23 : 0 : l
Equation number 24 : 0 : b
Equation number 25 : 0 : 25
Equation number 26 : 0 : 26
Equation number 27 : 0 : h
Equation number 28 : 0 : 28
Equation number 29 : 0 : 29
Equation number 30 : 0 : 30
Equation number 31 : 0 : amb
Equation number 32 : 0 : zamb
Equation number 33 : 0 : fg
Equation number 34 : 0 : fd
Equation number 35 : 0 : welf
Equation number 36 : 0 : ezd
Equation number 37 : 0 : ezg
Equation number 38 : 0 : spreadd
Equation number 39 : 0 : spreadg
Equation number 40 : 0 : diffz
Equation number 41 : 0 : taud
Equation number 42 : 0 : 42
Equation number 43 : 0 : kappa_flu
Equation number 44 : 0 : weightd_flu
Equation number 45 : 0 : weightg_flu
Equation number 46 : 0 : md_flu
Equation number 47 : 0 : mg_flu



STEADY-STATE RESULTS:

yd          		 1.37242
yg          		 0.810663
pd          		 1.0522
pg          		 0.896256
kg          		 5.9415
wg          		 1.23152
hg          		 0.41298
kd          		 11.8088
wd          		 1.73619
hd          		 0.582216
y           		 2.17062
lambda      		 0.335341
c           		 1.72686
invd        		 0.295221
invg        		 0.148537
r           		 1.0101
qd          		 1
qg          		 1
m           		 1661.09
e           		 2.25265
h           		 0.995196
ag          		 0.923116
amb         		 0.008
zamb        		 0
ad          		 1
welf        		 -83.385
taud        		 0
taug        		 0
fd          		 0.6
fg          		 0.6
zd          		 2.52653
zg          		 2.52653
ezd         		 1.01061
ezg         		 1.01061
lg          		 5.29119
ld          		 10.5163
l           		 15.8075
b           		 14.2268
disc        		 1
spreadd     		 2.50127
spreadg     		 2.50127
diffz       		 1
kappa_flu   		 0.1
weightd_flu 		 1
weightg_flu 		 1
md_flu      		 0.9
mg_flu      		 0.9

EIGENVALUES:
         Modulus             Real        Imaginary

       2.921e-17        2.921e-17                0
          0.7655           0.7655                0
             0.9              0.9                0
             0.9              0.9                0
             0.9              0.9                0
          0.9154           0.9114          0.08617
          0.9154           0.9114         -0.08617
          0.9526           0.9526                0
          0.9978           0.9978                0
            1.01             1.01                0
           1.067            1.067                0
            1.11            1.106           0.1025
            1.11            1.106          -0.1025
           1.325            1.325                0
       1.465e+16       -1.465e+16                0
       5.453e+16        5.453e+16                0
       7.079e+16        7.079e+16                0
       3.353e+17       -3.353e+17                0
       1.081e+18        1.081e+18                0
             Inf             -Inf                0
             Inf             -Inf                0


There are 12 eigenvalue(s) larger than 1 in modulus 
for 12 forward-looking variable(s)

The rank condition is verified.

MODEL_DIAGNOSTICS:  No obvious problems with this mod-file were detected.

MODEL SUMMARY

  Number of variables:         47
  Number of stochastic shocks: 5
  Number of state variables:   9
  Number of jumpers:           12
  Number of static variables:  28


MATRIX OF COVARIANCE OF EXOGENOUS SHOCKS
Variables       sh_ag    sh_amb     sh_ad     sh_fg     sh_fd
sh_ag        0.000000  0.000000  0.000000  0.000000  0.000000
sh_amb       0.000000  0.025600  0.000000  0.000000  0.000000
sh_ad        0.000000  0.000000  0.000000  0.000000  0.000000
sh_fg        0.000000  0.000000  0.000000  0.000000  0.000000
sh_fd        0.000000  0.000000  0.000000  0.000000  0.000000

POLICY AND TRANSITION FUNCTIONS
                                  yd              yg              pd              pg              kg              wg              hg              kd              wd              hd               y          lambda               c            invd            invg               r              qd              qg               m               e               h              ag             amb            zamb              ad            welf            taud            taug              fd              fg              zd              zg             ezd             ezg              lg              ld               l               b            disc         spreadd         spreadg           diffz       kappa_flu     weightd_flu     weightg_flu          md_flu          mg_flu
Constant                    1.372418        0.810663        1.052198        0.896256        5.941498        1.231521        0.412980       11.808842        1.736191        0.582216        2.170616        0.335341        1.726858        0.295221        0.148537        1.010101        1.000000        1.000000     1661.088774        2.252649        0.995196        0.923116        0.008000               0        1.000000      -83.385042               0               0        0.600000        0.600000        2.526534        2.526534        1.010614        1.010614        5.291189       10.516340       15.807529       14.226776        1.000000        2.501269        2.501269        1.000000        0.100000        1.000000        1.000000        0.900000        0.900000
kg(-1)                     -0.015113        0.040688        0.010778       -0.018246        0.964944        0.037271       -0.000178        0.004119        0.025979       -0.009159        0.020566       -0.010293        0.026503        0.004119       -0.010056        0.001208        0.003548       -0.044340       -0.017364       -0.017364       -0.009337               0               0               0               0        0.348795               0               0               0               0        0.003023        0.003023        0.001209        0.001209       -0.391642        0.043697       -0.347944       -0.313150       -0.001196               0               0               0               0               0               0               0       -0.177526
kd(-1)                      0.027745       -0.008575       -0.005423        0.009180        0.002274        0.018195       -0.006240        0.968432        0.039017       -0.004314        0.021508       -0.010021        0.025802       -0.006568        0.002274        0.000729       -0.015525        0.005958        0.031878        0.031878       -0.010554               0               0               0               0        0.347963               0               0               0               0        0.001823        0.001823        0.000729        0.000729        0.253165        0.720139        0.973304        0.875974       -0.000722               0               0               0               0               0               0               0        0.037413
m(-1)                      -0.000040       -0.000024               0               0               0       -0.000059        0.000008       -0.000006       -0.000083        0.000011       -0.000063        0.000022       -0.000057       -0.000006               0        0.000002       -0.000014       -0.000005        0.997869       -0.000046        0.000018               0               0               0               0       -0.002539               0               0               0               0        0.000005        0.000005        0.000002        0.000002        0.000577       -0.000144        0.000433        0.000390       -0.000002               0               0               0               0               0               0               0        0.000103
ag(-1)                     -0.210531        0.833659        0.208108       -0.352318        0.023613        0.688400        0.031503        0.085260        0.457559       -0.127598        0.525652       -0.161870        0.416778        0.085260        0.023613       -0.085965        0.303321        0.207683       -0.241891       -0.241891       -0.096095        0.900000               0               0               0        2.217706               0               0               0               0       -0.215023       -0.215023       -0.086009       -0.086009      -20.166954        3.329527      -16.837426      -15.153684        0.085106               0               0               0               0               0               0               0       -3.637332
zamb(-1)                    0.000673        0.000397               0               0        0.001160       -0.000259        0.000289        0.000690       -0.000365        0.000408        0.001064        0.000305       -0.000786        0.000690        0.001160       -0.004137        0.009419        0.011132        0.000773        0.000773        0.000697               0        0.007200        0.900000               0       -0.148188               0               0               0               0       -0.010348       -0.010348       -0.004139       -0.004139        0.052017        0.101592        0.153608        0.138247        0.004096               0               0               0               0               0               0               0       -0.001734
ad(-1)                      1.129997       -0.216890       -0.192108        0.325230        0.072763        0.588004       -0.157813        0.179630        1.302471       -0.063697        0.994591       -0.288257        0.742198        0.179630        0.072763       -0.173110        0.655652        0.579998        1.298322        1.298322       -0.221510               0               0               0        0.900000        4.044607               0               0               0               0       -0.432994       -0.432994       -0.173198       -0.173198        8.703655        7.004098       15.707753       14.136978        0.171379               0               0               0               0               0               0               0        0.946314
invd(-1)                    0.273053        0.161288               0               0       -0.038738       -0.105032        0.117387        0.789663       -0.148074        0.165492        0.431861        0.123919       -0.319064        0.789663       -0.038738        0.115406       -0.459439       -0.359902        0.313728        0.313728        0.282879               0               0               0               0        0.023109               0               0               0               0        0.288662        0.288662        0.115465        0.115465       -6.118306       -4.300841      -10.419146       -9.377232       -0.114252               0               0               0               0               0               0               0       -0.703714
invg(-1)                    0.269681        0.159296               0               0        0.817765       -0.103735        0.115937       -0.076114       -0.146245        0.163448        0.426528        0.122389       -0.315123       -0.076114        0.817765        0.118629       -0.351538       -0.623090        0.309853        0.309853        0.279385               0               0               0               0        0.025861               0               0               0               0        0.296723        0.296723        0.118689        0.118689       -6.724664       -3.915390      -10.640054       -9.576048       -0.117443               0               0               0               0               0               0               0       -0.695023
sh_ag                      -0.215938        0.855071        0.213453       -0.361367        0.024220        0.706082        0.032312        0.087450        0.469312       -0.130875        0.539153       -0.166027        0.427483        0.087450        0.024220       -0.088173        0.311111        0.213017       -0.248104       -0.248104       -0.098563        0.923116               0               0               0        2.274668               0               0               0               0       -0.220546       -0.220546       -0.088218       -0.088218      -20.684938        3.415045      -17.269893      -15.542904        0.087292               0               0               0               0               0               0               0       -3.730756
sh_amb                      0.000748        0.000442               0               0        0.001289       -0.000288        0.000321        0.000766       -0.000405        0.000453        0.001182        0.000339       -0.000873        0.000766        0.001289       -0.004597        0.010466        0.012369        0.000859        0.000859        0.000774               0        0.008000        1.000000               0       -0.164653               0               0               0               0       -0.011498       -0.011498       -0.004599       -0.004599        0.057796        0.112880        0.170676        0.153608        0.004551               0               0               0               0               0               0               0       -0.001927
sh_ad                       1.255552       -0.240989       -0.213453        0.361367        0.080847        0.653338       -0.175347        0.199589        1.447190       -0.070775        1.105101       -0.320286        0.824665        0.199589        0.080847       -0.192344        0.728503        0.644442        1.442580        1.442580       -0.246122               0               0               0        1.000000        4.494008               0               0               0               0       -0.481104       -0.481104       -0.192442       -0.192442        9.670727        7.782331       17.453059       15.707753        0.190421               0               0               0               0               0               0               0        1.051460
sh_fg                              0               0               0               0               0               0               0               0               0               0               0               0               0               0               0               0               0               0               0               0               0               0               0               0               0               0               0               0               0        1.000000               0               0               0       -2.526534               0               0               0               0               0               0               0               0               0               0               0               0               0
sh_fd                              0               0               0               0               0               0               0               0               0               0               0               0               0               0               0               0               0               0               0               0               0               0               0               0               0               0               0               0        1.000000               0               0               0       -2.526534               0               0               0               0               0               0               0               0               0               0               0               0               0               0
[Warning: Aggregate variance and sum of variances by shocks differ by more than 0.01 %] 
[> In <a href="matlab:matlab.internal.language.introspective.errorDocCallback('th_autocovariances', 'C:\dynare\5.5\matlab\th_autocovariances.m', 206)" style="font-weight:bold">th_autocovariances</a> (<a href="matlab: opentoline('C:\dynare\5.5\matlab\th_autocovariances.m',206,0)">line 206</a>)
In <a href="matlab:matlab.internal.language.introspective.errorDocCallback('disp_th_moments', 'C:\dynare\5.5\matlab\disp_th_moments.m', 40)" style="font-weight:bold">disp_th_moments</a> (<a href="matlab: opentoline('C:\dynare\5.5\matlab\disp_th_moments.m',40,0)">line 40</a>)
In <a href="matlab:matlab.internal.language.introspective.errorDocCallback('stoch_simul', 'C:\dynare\5.5\matlab\stoch_simul.m', 210)" style="font-weight:bold">stoch_simul</a> (<a href="matlab: opentoline('C:\dynare\5.5\matlab\stoch_simul.m',210,0)">line 210</a>)
In <a href="matlab:matlab.internal.language.introspective.errorDocCallback('ambig_envir_fin_opt.driver', 'C:\Users\marco\Desktop\Economics and Finance (PhD in)\Research2\Ambig_enivr_codes\financial\+ambig_envir_fin_opt\driver.m', 567)" style="font-weight:bold">ambig_envir_fin_opt.driver</a> (<a href="matlab: opentoline('C:\Users\marco\Desktop\Economics and Finance (PhD in)\Research2\Ambig_enivr_codes\financial\+ambig_envir_fin_opt\driver.m',567,0)">line 567</a>)
In <a href="matlab:matlab.internal.language.introspective.errorDocCallback('dynare', 'C:\dynare\5.5\matlab\dynare.m', 281)" style="font-weight:bold">dynare</a> (<a href="matlab: opentoline('C:\dynare\5.5\matlab\dynare.m',281,0)">line 281</a>)] 


THEORETICAL MOMENTS
VARIABLE             MEAN   STD. DEV.    VARIANCE
yd                 1.3724      0.0008      0.0000
yg                 0.8107      0.0011      0.0000
pd                 1.0522      0.0002      0.0000
pg                 0.8963      0.0003      0.0000
kg                 5.9415      0.0219      0.0005
wg                 1.2315      0.0010      0.0000
hg                 0.4130      0.0003      0.0000
kd                11.8088      0.0152      0.0002
wd                 1.7362      0.0010      0.0000
hd                 0.5822      0.0005      0.0000
y                  2.1706      0.0018      0.0000
lambda             0.3353      0.0004      0.0000
c                  1.7269      0.0010      0.0000
invd               0.2952      0.0008      0.0000
invg               0.1485      0.0016      0.0000
r                  1.0101      0.0015      0.0000
qd                 1.0000      0.0031      0.0000
qg                 1.0000      0.0034      0.0000
m               1661.0888      0.0770      0.0059
e                  2.2526      0.0010      0.0000
h                  0.9952      0.0008      0.0000
ag                 0.9231      0.0000      0.0000
amb                0.0080      0.0029      0.0000
zamb               0.0000      0.3671      0.1347
ad                 1.0000      0.0000      0.0000
welf             -83.3850      0.0563      0.0032
taud               0.0000      0.0000      0.0000
taug               0.0000      0.0000      0.0000
fd                 0.6000      0.0000      0.0000
fg                 0.6000      0.0000      0.0000
zd                 2.5265      0.0037      0.0000
zg                 2.5265      0.0037      0.0000
ezd                1.0106      0.0015      0.0000
ezg                1.0106      0.0015      0.0000
lg                 5.2912      0.0132      0.0002
ld                10.5163      0.0399      0.0016
l                 15.8075      0.0480      0.0023
b                 14.2268      0.0432      0.0019
disc               1.0000      0.0014      0.0000
spreadd            2.5013      0.0000      0.0000
spreadg            2.5013      0.0000      0.0000
diffz              1.0000      0.0000      0.0000
kappa_flu          0.1000      0.0000      0.0000
weightd_flu        1.0000      0.0000      0.0000
weightg_flu        1.0000      0.0000      0.0000
md_flu             0.9000      0.0000      0.0000
mg_flu             0.9000      0.0049      0.0000



VARIANCE DECOMPOSITION (in percent)
                sh_ag  sh_amb   sh_ad   sh_fg   sh_fd
yd               0.00  100.00    0.00    0.00    0.00
yg               0.00  100.00    0.00    0.00    0.00
pd               0.00  100.00    0.00    0.00    0.00
pg               0.00  100.00    0.00    0.00    0.00
kg               0.00  100.00    0.00    0.00    0.00
wg               0.00  100.00    0.00    0.00    0.00
hg               0.00  100.00    0.00    0.00    0.00
kd               0.00  100.00    0.00    0.00    0.00
wd               0.00  100.00    0.00    0.00    0.00
hd               0.00  100.00    0.00    0.00    0.00
y                0.00  100.00    0.00    0.00    0.00
lambda           0.00  100.00    0.00    0.00    0.00
c                0.00  100.00    0.00    0.00    0.00
invd             0.00  100.00    0.00    0.00    0.00
invg             0.00  100.00    0.00    0.00    0.00
r                0.00  100.00    0.00    0.00    0.00
qd               0.00  100.00    0.00    0.00    0.00
qg               0.00  100.00    0.00    0.00    0.00
m                0.00  100.00    0.00    0.00    0.00
e                0.00  100.00    0.00    0.00    0.00
h                0.00  100.00    0.00    0.00    0.00
ag              99.99    0.01    0.00    0.00    0.00
amb              0.00  100.00    0.00    0.00    0.00
zamb             0.00  100.00    0.00    0.00    0.00
ad               0.00    0.04   99.96    0.00    0.00
welf             0.00  100.00    0.00    0.00    0.00
taud              NaN     NaN     NaN     NaN     NaN
taug             0.00  100.00    0.00    0.00    0.00
fd               0.00    0.00    0.00    0.00  100.00
fg               0.00    0.00    0.00  100.00    0.00
zd               0.00  100.00    0.00    0.00    0.00
zg               0.00  100.00    0.00    0.00    0.00
ezd              0.00  100.00    0.00    0.00    0.00
ezg              0.00  100.00    0.00    0.00    0.00
lg               0.00  100.00    0.00    0.00    0.00
ld               0.00  100.00    0.00    0.00    0.00
l                0.00  100.00    0.00    0.00    0.00
b                0.00  100.00    0.00    0.00    0.00
disc             0.00  100.00    0.00    0.00    0.00
spreadd          0.00  100.00    0.00    0.00    0.00
spreadg          0.00  100.00    0.00    0.00    0.00
diffz            0.00  100.00    0.00    0.00    0.00
kappa_flu        0.00  100.00    0.00    0.00    0.00
weightd_flu      0.00  100.00    0.00    0.00    0.00
weightg_flu      0.00  100.00    0.00    0.00    0.00
md_flu           0.00  100.00    0.00    0.00    0.00
mg_flu           0.00  100.00    0.00    0.00    0.00



MATRIX OF CORRELATIONS
Variables         yd       yg       pd       pg       kg       wg       hg       kd       wd       hd        y   lambda        c     invd     invg        r       qd       qg        m        e        h      amb     zamb     welf       zd       zg      ezd      ezg       lg       ld        l        b     disc   mg_flu
yd            1.0000   0.8313   0.5824  -0.5824   0.6293   0.2948   0.8880   0.4994   0.1533   0.7800   0.9501   0.4367  -0.4367   0.9229   0.9171  -0.8698   0.8403   0.7431   0.1746   1.0000   0.8352   0.9147   0.9147  -0.8589  -0.8698  -0.8698  -0.8698  -0.8698   0.1840   0.8771   0.7796   0.7796   0.8698  -0.8313
yg            0.8313   1.0000   0.9360  -0.9360   0.9403   0.7080   0.6524   0.7402   0.5557   0.4174   0.9632  -0.0018   0.0018   0.9028   0.6611  -0.6681   0.6310   0.4525   0.2420   0.8313   0.5245   0.7256   0.7256  -0.5872  -0.6681  -0.6681  -0.6681  -0.6681  -0.1153   0.7862   0.6219   0.6219   0.6681  -1.0000
pd            0.5824   0.9360   1.0000  -1.0000   0.9766   0.8488   0.3917   0.7662   0.7157   0.1163   0.8070  -0.2793   0.2793   0.7357   0.3861  -0.4263   0.3906   0.1911   0.2433   0.5824   0.2381   0.4819   0.4819  -0.3148  -0.4263  -0.4263  -0.4263  -0.4263  -0.2852   0.5943   0.4158   0.4158   0.4263  -0.9360
pg           -0.5824  -0.9360  -1.0000   1.0000  -0.9766  -0.8488  -0.3917  -0.7662  -0.7157  -0.1163  -0.8070   0.2793  -0.2793  -0.7357  -0.3861   0.4263  -0.3906  -0.1911  -0.2433  -0.5824  -0.2381  -0.4819  -0.4819   0.3148   0.4263   0.4263   0.4263   0.4263   0.2852  -0.5943  -0.4158  -0.4158  -0.4263   0.9360
kg            0.6293   0.9403   0.9766  -0.9766   1.0000   0.9050   0.3557   0.8818   0.7994   0.0847   0.8321  -0.3417   0.3417   0.7350   0.3749  -0.4580   0.4185   0.2292   0.3182   0.6293   0.2042   0.5080   0.5080  -0.3286  -0.4580  -0.4580  -0.4580  -0.4580  -0.2056   0.6582   0.4907   0.4907   0.4580  -0.9403
wg            0.2948   0.7080   0.8488  -0.8488   0.9050   1.0000  -0.0697   0.9336   0.9768  -0.3354   0.5400  -0.7061   0.7061   0.4140  -0.0366  -0.1446   0.1084  -0.0566   0.3690   0.2948  -0.2224   0.1742   0.1742   0.0264  -0.1446  -0.1446  -0.1446  -0.1446  -0.2425   0.4172   0.2803   0.2803   0.1446  -0.7080
hg            0.8880   0.6524   0.3917  -0.3917   0.3557  -0.0697   1.0000   0.0763  -0.2509   0.9594   0.7954   0.7556  -0.7556   0.8385   0.9861  -0.8149   0.8002   0.7318  -0.0314   0.8880   0.9869   0.8620   0.8620  -0.8808  -0.8149  -0.8149  -0.8149  -0.8149   0.1405   0.6953   0.6166   0.6166   0.8149  -0.6524
kd            0.4994   0.7402   0.7662  -0.7662   0.8818   0.9336   0.0763   1.0000   0.9225  -0.1525   0.6569  -0.5589   0.5589   0.5232   0.1380  -0.3398   0.3003   0.1635   0.4293   0.4994  -0.0538   0.3640   0.3640  -0.1763  -0.3398  -0.3398  -0.3398  -0.3398  -0.0404   0.6012   0.4887   0.4887   0.3398  -0.7402
wd            0.1533   0.5557   0.7157  -0.7157   0.7994   0.9768  -0.2509   0.9225   1.0000  -0.4901   0.3861  -0.8194   0.8194   0.2485  -0.2049  -0.0181  -0.0152  -0.1523   0.3888   0.1533  -0.3903   0.0347   0.0347   0.1625  -0.0181  -0.0181  -0.0181  -0.0181  -0.2047   0.3102   0.2017   0.2017   0.0181  -0.5557
hd            0.7800   0.4174   0.1163  -0.1163   0.0847  -0.3354   0.9594  -0.1525  -0.4901   1.0000   0.6113   0.9012  -0.9012   0.6796   0.9461  -0.7490   0.7441   0.7313  -0.1085   0.7800   0.9923   0.7828   0.7828  -0.8543  -0.7490  -0.7490  -0.7490  -0.7490   0.2391   0.5685   0.5381   0.5381   0.7490  -0.4174
y             0.9501   0.9632   0.8070  -0.8070   0.8321   0.5400   0.7954   0.6569   0.3861   0.6113   1.0000   0.2101  -0.2101   0.9529   0.8144  -0.7955   0.7604   0.6132   0.2202   0.9501   0.6982   0.8495   0.8495  -0.7448  -0.7955  -0.7955  -0.7955  -0.7955   0.0242   0.8654   0.7260   0.7260   0.7955  -0.9632
lambda        0.4367  -0.0018  -0.2793   0.2793  -0.3417  -0.7061   0.7556  -0.5589  -0.8194   0.9012   0.2101   1.0000  -1.0000   0.3234   0.7240  -0.4835   0.4969   0.5566  -0.2646   0.4367   0.8466   0.4975   0.4975  -0.6426  -0.4835  -0.4835  -0.4835  -0.4835   0.2590   0.2196   0.2536   0.2536   0.4835   0.0018
c            -0.4367   0.0018   0.2793  -0.2793   0.3417   0.7061  -0.7556   0.5589   0.8194  -0.9012  -0.2101  -1.0000   1.0000  -0.3234  -0.7240   0.4835  -0.4969  -0.5566   0.2646  -0.4367  -0.8466  -0.4975  -0.4975   0.6426   0.4835   0.4835   0.4835   0.4835  -0.2590  -0.2196  -0.2536  -0.2536  -0.4835  -0.0018
invd          0.9229   0.9028   0.7357  -0.7357   0.7350   0.4140   0.8385   0.5232   0.2485   0.6796   0.9529   0.3234  -0.3234   1.0000   0.8115  -0.8601   0.8348   0.7155   0.1210   0.9229   0.7561   0.9003   0.9003  -0.8255  -0.8601  -0.8601  -0.8601  -0.8601   0.1508   0.8812   0.7739   0.7739   0.8601  -0.9028
invg          0.9171   0.6611   0.3861  -0.3861   0.3749  -0.0366   0.9861   0.1380  -0.2049   0.9461   0.8144   0.7240  -0.7240   0.8115   1.0000  -0.8020   0.7829   0.7111   0.0226   0.9171   0.9732   0.8530   0.8530  -0.8627  -0.8020  -0.8020  -0.8020  -0.8020   0.1217   0.7023   0.6172   0.6172   0.8020  -0.6611
r            -0.8698  -0.6681  -0.4263   0.4263  -0.4580  -0.1446  -0.8149  -0.3398  -0.0181  -0.7490  -0.7955  -0.4835   0.4835  -0.8601  -0.8020   1.0000  -0.9982  -0.9653  -0.1065  -0.8698  -0.7855  -0.9938  -0.9938   0.9814   1.0000   1.0000   1.0000   1.0000  -0.5895  -0.9549  -0.9555  -0.9555  -1.0000   0.6681
qd            0.8403   0.6310   0.3906  -0.3906   0.4185   0.1084   0.8002   0.3003  -0.0152   0.7441   0.7604   0.4969  -0.4969   0.8348   0.7829  -0.9982   1.0000   0.9766   0.0907   0.8403   0.7762   0.9865   0.9865  -0.9826  -0.9982  -0.9982  -0.9982  -0.9982   0.6261   0.9428   0.9555   0.9555   0.9982  -0.6310
qg            0.7431   0.4525   0.1911  -0.1911   0.2292  -0.0566   0.7318   0.1635  -0.1523   0.7313   0.6132   0.5566  -0.5566   0.7155   0.7111  -0.9653   0.9766   1.0000   0.0472   0.7431   0.7389   0.9355   0.9355  -0.9660  -0.9653  -0.9653  -0.9653  -0.9653   0.7595   0.8757   0.9363   0.9363   0.9653  -0.4525
m             0.1746   0.2420   0.2433  -0.2433   0.3182   0.3690  -0.0314   0.4293   0.3888  -0.1085   0.2202  -0.2646   0.2646   0.1210   0.0226  -0.1065   0.0907   0.0472   1.0000   0.1746  -0.0758   0.1111   0.1111  -0.0377  -0.1065  -0.1065  -0.1065  -0.1065   0.0240   0.2262   0.1946   0.1946   0.1065  -0.2420
e             1.0000   0.8313   0.5824  -0.5824   0.6293   0.2948   0.8880   0.4994   0.1533   0.7800   0.9501   0.4367  -0.4367   0.9229   0.9171  -0.8698   0.8403   0.7431   0.1746   1.0000   0.8352   0.9147   0.9147  -0.8589  -0.8698  -0.8698  -0.8698  -0.8698   0.1840   0.8771   0.7796   0.7796   0.8698  -0.8313
h             0.8352   0.5245   0.2381  -0.2381   0.2042  -0.2224   0.9869  -0.0538  -0.3903   0.9923   0.6982   0.8466  -0.8466   0.7561   0.9732  -0.7855   0.7762   0.7389  -0.0758   0.8352   1.0000   0.8254   0.8254  -0.8745  -0.7855  -0.7855  -0.7855  -0.7855   0.1983   0.6298   0.5779   0.5779   0.7855  -0.5245
amb           0.9147   0.7256   0.4819  -0.4819   0.5080   0.1742   0.8620   0.3640   0.0347   0.7828   0.8495   0.4975  -0.4975   0.9003   0.8530  -0.9938   0.9865   0.9355   0.1111   0.9147   0.8254   1.0000   1.0000  -0.9795  -0.9938  -0.9938  -0.9938  -0.9938   0.4985   0.9532   0.9292   0.9292   0.9938  -0.7256
zamb          0.9147   0.7256   0.4819  -0.4819   0.5080   0.1742   0.8620   0.3640   0.0347   0.7828   0.8495   0.4975  -0.4975   0.9003   0.8530  -0.9938   0.9865   0.9355   0.1111   0.9147   0.8254   1.0000   1.0000  -0.9795  -0.9938  -0.9938  -0.9938  -0.9938   0.4985   0.9532   0.9292   0.9292   0.9938  -0.7256
welf         -0.8589  -0.5872  -0.3148   0.3148  -0.3286   0.0264  -0.8808  -0.1763   0.1625  -0.8543  -0.7448  -0.6426   0.6426  -0.8255  -0.8627   0.9814  -0.9826  -0.9660  -0.0377  -0.8589  -0.8745  -0.9795  -0.9795   1.0000   0.9814   0.9814   0.9814   0.9814  -0.5694  -0.8844  -0.8914  -0.8914  -0.9814   0.5872
zd           -0.8698  -0.6681  -0.4263   0.4263  -0.4580  -0.1446  -0.8149  -0.3398  -0.0181  -0.7490  -0.7955  -0.4835   0.4835  -0.8601  -0.8020   1.0000  -0.9982  -0.9653  -0.1065  -0.8698  -0.7855  -0.9938  -0.9938   0.9814   1.0000   1.0000   1.0000   1.0000  -0.5895  -0.9549  -0.9555  -0.9555  -1.0000   0.6681
zg           -0.8698  -0.6681  -0.4263   0.4263  -0.4580  -0.1446  -0.8149  -0.3398  -0.0181  -0.7490  -0.7955  -0.4835   0.4835  -0.8601  -0.8020   1.0000  -0.9982  -0.9653  -0.1065  -0.8698  -0.7855  -0.9938  -0.9938   0.9814   1.0000   1.0000   1.0000   1.0000  -0.5895  -0.9549  -0.9555  -0.9555  -1.0000   0.6681
ezd          -0.8698  -0.6681  -0.4263   0.4263  -0.4580  -0.1446  -0.8149  -0.3398  -0.0181  -0.7490  -0.7955  -0.4835   0.4835  -0.8601  -0.8020   1.0000  -0.9982  -0.9653  -0.1065  -0.8698  -0.7855  -0.9938  -0.9938   0.9814   1.0000   1.0000   1.0000   1.0000  -0.5895  -0.9549  -0.9555  -0.9555  -1.0000   0.6681
ezg          -0.8698  -0.6681  -0.4263   0.4263  -0.4580  -0.1446  -0.8149  -0.3398  -0.0181  -0.7490  -0.7955  -0.4835   0.4835  -0.8601  -0.8020   1.0000  -0.9982  -0.9653  -0.1065  -0.8698  -0.7855  -0.9938  -0.9938   0.9814   1.0000   1.0000   1.0000   1.0000  -0.5895  -0.9549  -0.9555  -0.9555  -1.0000   0.6681
lg            0.1840  -0.1153  -0.2852   0.2852  -0.2056  -0.2425   0.1405  -0.0404  -0.2047   0.2391   0.0242   0.2590  -0.2590   0.1508   0.1217  -0.5895   0.6261   0.7595   0.0240   0.1840   0.1983   0.4985   0.4985  -0.5694  -0.5895  -0.5895  -0.5895  -0.5895   1.0000   0.5124   0.7003   0.7003   0.5895   0.1153
ld            0.8771   0.7862   0.5943  -0.5943   0.6582   0.4172   0.6953   0.6012   0.3102   0.5685   0.8654   0.2196  -0.2196   0.8812   0.7023  -0.9549   0.9428   0.8757   0.2262   0.8771   0.6298   0.9532   0.9532  -0.8844  -0.9549  -0.9549  -0.9549  -0.9549   0.5124   1.0000   0.9719   0.9719   0.9549  -0.7862
l             0.7796   0.6219   0.4158  -0.4158   0.4907   0.2803   0.6166   0.4887   0.2017   0.5381   0.7260   0.2536  -0.2536   0.7739   0.6172  -0.9555   0.9555   0.9363   0.1946   0.7796   0.5779   0.9292   0.9292  -0.8914  -0.9555  -0.9555  -0.9555  -0.9555   0.7003   0.9719   1.0000   1.0000   0.9555  -0.6219
b             0.7796   0.6219   0.4158  -0.4158   0.4907   0.2803   0.6166   0.4887   0.2017   0.5381   0.7260   0.2536  -0.2536   0.7739   0.6172  -0.9555   0.9555   0.9363   0.1946   0.7796   0.5779   0.9292   0.9292  -0.8914  -0.9555  -0.9555  -0.9555  -0.9555   0.7003   0.9719   1.0000   1.0000   0.9555  -0.6219
disc          0.8698   0.6681   0.4263  -0.4263   0.4580   0.1446   0.8149   0.3398   0.0181   0.7490   0.7955   0.4835  -0.4835   0.8601   0.8020  -1.0000   0.9982   0.9653   0.1065   0.8698   0.7855   0.9938   0.9938  -0.9814  -1.0000  -1.0000  -1.0000  -1.0000   0.5895   0.9549   0.9555   0.9555   1.0000  -0.6681
mg_flu       -0.8313  -1.0000  -0.9360   0.9360  -0.9403  -0.7080  -0.6524  -0.7402  -0.5557  -0.4174  -0.9632   0.0018  -0.0018  -0.9028  -0.6611   0.6681  -0.6310  -0.4525  -0.2420  -0.8313  -0.5245  -0.7256  -0.7256   0.5872   0.6681   0.6681   0.6681   0.6681   0.1153  -0.7862  -0.6219  -0.6219  -0.6681   1.0000



COEFFICIENTS OF AUTOCORRELATION
Order          1       2       3       4       5
yd        0.9803  0.9344  0.8722  0.8008  0.7256
yg        0.9949  0.9819  0.9626  0.9385  0.9105
pd        0.9967  0.9869  0.9710  0.9493  0.9224
pg        0.9967  0.9869  0.9710  0.9493  0.9224
kg        0.9976  0.9905  0.9789  0.9631  0.9437
wg        0.9955  0.9840  0.9670  0.9456  0.9210
hg        0.9793  0.9313  0.8662  0.7913  0.7118
kd        0.9991  0.9963  0.9918  0.9858  0.9783
wd        0.9945  0.9811  0.9620  0.9388  0.9130
hd        0.9755  0.9187  0.8418  0.7538  0.6610
y         0.9893  0.9637  0.9284  0.8870  0.8421
lambda    0.9813  0.9376  0.8782  0.8098  0.7372
c         0.9813  0.9376  0.8782  0.8098  0.7372
invd      0.9795  0.9358  0.8808  0.8222  0.7648
invg      0.9815  0.9361  0.8721  0.7957  0.7121
r         0.8646  0.7523  0.6585  0.5797  0.5128
qd        0.8445  0.7200  0.6197  0.5381  0.4711
qg        0.8078  0.6521  0.5257  0.4228  0.3389
m         0.9999  0.9997  0.9993  0.9989  0.9982
e         0.9803  0.9344  0.8722  0.8008  0.7256
h         0.9768  0.9231  0.8503  0.7669  0.6788
amb       0.9000  0.8100  0.7290  0.6561  0.5905
zamb      0.9000  0.8100  0.7290  0.6561  0.5905
welf      0.8837  0.7777  0.6814  0.5945  0.5161
zd        0.8646  0.7523  0.6585  0.5797  0.5128
zg        0.8646  0.7523  0.6585  0.5797  0.5128
ezd       0.8646  0.7523  0.6585  0.5797  0.5128
ezg       0.8646  0.7523  0.6585  0.5797  0.5128
lg        0.6932  0.4647  0.2951  0.1697  0.0774
ld        0.8901  0.8034  0.7340  0.6778  0.6315
l         0.8192  0.6831  0.5804  0.5028  0.4440
b         0.8192  0.6831  0.5804  0.5028  0.4440
disc      0.8646  0.7523  0.6585  0.5797  0.5128
mg_flu    0.9949  0.9819  0.9626  0.9385  0.9105
Total computing time : 0h00m00s
Note: warning(s) encountered in MATLAB/Octave code
