Starting Dynare (version 5.5).
Calling Dynare with arguments: none
Starting preprocessing of the model file ...
Found 44 equation(s).
Evaluating expressions...done
Computing static model derivatives (order 1).
Computing dynamic model derivatives (order 1).
Processing outputs ...
done
Preprocessing completed.





Residuals of the static equations:

Equation number 1 : 0 : 1
Equation number 2 : 0 : disc
Equation number 3 : 0 : 3
Equation number 4 : 0 : 4
Equation number 5 : 0 : 5
Equation number 6 : 0 : kg
Equation number 7 : 0 : kd
Equation number 8 : 0 : lg
Equation number 9 : 0 : ld
Equation number 10 : 0 : 10
Equation number 11 : 0 : 11
Equation number 12 : 0 : qg
Equation number 13 : 0 : qd
Equation number 14 : 0 : yg
Equation number 15 : 0 : yd
Equation number 16 : 0 : wg
Equation number 17 : 0 : wd
Equation number 18 : 0 : e
Equation number 19 : 0 : 19
Equation number 20 : 0 : 20
Equation number 21 : 0 : 21
Equation number 22 : 0 : y
Equation number 23 : 0 : l
Equation number 24 : 0 : b
Equation number 25 : 0 : 25
Equation number 26 : 0 : 26
Equation number 27 : 0 : h
Equation number 28 : 0 : 28
Equation number 29 : 0 : 29
Equation number 30 : 0 : 30
Equation number 31 : 0 : amb
Equation number 32 : 0 : zamb
Equation number 33 : 0 : fg
Equation number 34 : 0 : fd
Equation number 35 : 0 : 35
Equation number 36 : 0 : welf
Equation number 37 : 0 : taud
Equation number 38 : 0 : 38
Equation number 39 : 0 : ezd
Equation number 40 : 0 : ezg
Equation number 41 : 0 : spreadd
Equation number 42 : 0 : spreadg
Equation number 43 : 0 : diffz
Equation number 44 : 0 : kappa_flu



STEADY-STATE RESULTS:

yd        		 1.37242
yg        		 0.810663
pd        		 1.0522
pg        		 0.896256
kg        		 5.9415
wg        		 1.23152
hg        		 0.41298
kd        		 11.8088
wd        		 1.73619
hd        		 0.582216
y         		 2.17062
lambda    		 0.335341
c         		 1.72686
invd      		 0.295221
invg      		 0.148537
r         		 1.0101
qd        		 1
qg        		 1
m         		 1661.09
e         		 2.25265
h         		 0.995196
ag        		 0.923116
amb       		 0.008
zamb      		 0
ad        		 1
fin       		 1
welf      		 -83.385
taud      		 0
taug      		 0
fd        		 0.35
fg        		 0.35
zd        		 1.55479
zg        		 1.55479
ezd       		 1.01061
ezg       		 1.01061
lg        		 5.29119
ld        		 10.5163
l         		 15.8075
b         		 14.2268
disc      		 1
spreadd   		 1.53924
spreadg   		 1.53924
diffz     		 1
kappa_flu 		 0.1

EIGENVALUES:
         Modulus             Real        Imaginary

       1.534e-17       -1.534e-17                0
          0.7674           0.7674                0
             0.9              0.9                0
             0.9              0.9                0
             0.9              0.9                0
             0.9              0.9                0
          0.9203           0.9167          0.08067
          0.9203           0.9167         -0.08067
          0.9535           0.9535                0
          0.9978           0.9978                0
            1.01             1.01                0
           1.061            1.061                0
           1.104              1.1          0.09689
           1.104              1.1         -0.09689
           1.329            1.329                0
       1.842e+16       -1.842e+16                0
       3.835e+16       -3.835e+16                0
       1.122e+17       -1.122e+17                0
       2.047e+17        2.047e+17                0
       8.771e+18        8.771e+18                0
             Inf              Inf                0
             Inf              Inf                0


There are 12 eigenvalue(s) larger than 1 in modulus 
for 12 forward-looking variable(s)

The rank condition is verified.

MODEL_DIAGNOSTICS:  No obvious problems with this mod-file were detected.

MODEL SUMMARY

  Number of variables:         44
  Number of stochastic shocks: 6
  Number of state variables:   10
  Number of jumpers:           12
  Number of static variables:  24


MATRIX OF COVARIANCE OF EXOGENOUS SHOCKS
Variables       sh_ag    sh_amb     sh_ad     sh_fg     sh_fd    sh_fin
sh_ag        0.000000  0.000000  0.000000  0.000000  0.000000  0.000000
sh_amb       0.000000  0.025600  0.000000  0.000000  0.000000  0.000000
sh_ad        0.000000  0.000000  0.000000  0.000000  0.000000  0.000000
sh_fg        0.000000  0.000000  0.000000  0.000000  0.000000  0.000000
sh_fd        0.000000  0.000000  0.000000  0.000000  0.000000  0.000000
sh_fin       0.000000  0.000000  0.000000  0.000000  0.000000  0.000000

POLICY AND TRANSITION FUNCTIONS
                                  yd              yg              pd              pg              kg              wg              hg              kd              wd              hd               y          lambda               c            invd            invg               r              qd              qg               m               e               h              ag             amb            zamb              ad             fin            welf            taud            taug              fd              fg              zd              zg             ezd             ezg              lg              ld               l               b            disc         spreadd         spreadg           diffz       kappa_flu
Constant                    1.372418        0.810663        1.052198        0.896256        5.941498        1.231521        0.412980       11.808842        1.736191        0.582216        2.170616        0.335341        1.726858        0.295221        0.148537        1.010101        1.000000        1.000000     1661.088774        2.252649        0.995196        0.923116        0.008000               0        1.000000        1.000000      -83.385042               0               0        0.350000        0.350000        1.554790        1.554790        1.010614        1.010614        5.291189       10.516340       15.807529       14.226776        1.000000        1.539242        1.539242        1.000000        0.100000
kg(-1)                     -0.014622        0.040978        0.010778       -0.018246        0.966709        0.037082        0.000033        0.003703        0.025713       -0.008862        0.021341       -0.010071        0.025930        0.003703       -0.008291        0.000815        0.003464       -0.034101       -0.016800       -0.016800       -0.008829               0               0               0               0               0        0.349157               0               0               0               0        0.001254        0.001254        0.000815        0.000815        0.700421        0.042019        0.742440        0.668196       -0.000807               0               0               0               0
kd(-1)                      0.027639       -0.008637       -0.005423        0.009180        0.001864        0.018236       -0.006285        0.968551        0.039074       -0.004378        0.021341       -0.010069        0.025925       -0.006449        0.001864        0.000811       -0.015423        0.003478        0.031757        0.031757       -0.010663               0               0               0               0               0        0.347994               0               0               0               0        0.001248        0.001248        0.000811        0.000811        0.021219        0.721452        0.742670        0.668403       -0.000803               0               0               0               0
m(-1)                      -0.000041       -0.000024               0               0       -0.000003       -0.000058        0.000007       -0.000006       -0.000082        0.000010       -0.000064        0.000022       -0.000056       -0.000006       -0.000003        0.000003       -0.000016       -0.000016        0.997868       -0.000047        0.000017               0               0               0               0               0       -0.002547               0               0               0               0        0.000005        0.000005        0.000003        0.000003       -0.000081       -0.000161       -0.000242       -0.000218       -0.000003               0               0               0               0
ag(-1)                     -0.200280        0.839713        0.208108       -0.352318        0.059419        0.684458        0.035910        0.077644        0.452001       -0.121386        0.541863       -0.157218        0.404801        0.077644        0.059419       -0.094310        0.304815        0.410329       -0.230114       -0.230114       -0.085476        0.900000               0               0               0               0        2.228593               0               0               0               0       -0.145166       -0.145166       -0.094358       -0.094358        2.168689        3.330752        5.499441        4.949497        0.093367               0               0               0               0
amb(-1)                     0.205424       -0.861281       -0.213453        0.361367       -0.060945       -0.702038       -0.036832       -0.079638       -0.463610        0.124503       -0.555781        0.161256       -0.415198       -0.079638       -0.060945        0.096732       -0.312644       -0.420868        0.236025        0.236025        0.087671       -0.923116               0               0               0               0       -2.285835               0               0               0               0        0.148894        0.148894        0.096781        0.096781       -2.224391       -3.416301       -5.640693       -5.076623       -0.095765               0               0               0               0
zamb(-1)                    0.000072        0.000042               0               0       -0.000856       -0.000028        0.000031        0.001053       -0.000039        0.000043        0.000113        0.000033       -0.000084        0.001053       -0.000856       -0.003555        0.008604        0.004394        0.000082        0.000082        0.000074               0        0.007200        0.900000               0               0       -0.149491               0               0               0               0       -0.005472       -0.005472       -0.003557       -0.003557        0.023557        0.093556        0.117113        0.105402        0.003519               0               0               0               0
ad(-1)                      1.129713       -0.217058       -0.192108        0.325230        0.071722        0.588113       -0.157935        0.179892        1.302625       -0.063869        0.994143       -0.288386        0.742529        0.179892        0.071722       -0.173175        0.657090        0.559689        1.297997        1.297997       -0.221803               0               0               0        0.900000               0        4.045780               0               0               0               0       -0.266558       -0.266558       -0.173262       -0.173262        3.077112        7.020068       10.097181        9.087463        0.171443               0               0               0               0
fin(-1)                            0               0               0               0               0               0               0               0               0               0               0               0               0               0               0               0               0               0               0               0               0               0               0               0               0        0.900000               0               0               0               0               0               0               0               0               0               0        9.464706        9.464706        8.518235               0               0               0               0               0
invd(-1)                    0.272873        0.161181               0               0       -0.039572       -0.104963        0.117310        0.790001       -0.147976        0.165382        0.431576        0.123837       -0.318853        0.790001       -0.039572        0.115833       -0.460644       -0.349979        0.313521        0.313521        0.282692               0               0               0               0               0        0.022400               0               0               0               0        0.178295        0.178295        0.115891        0.115891       -1.963929       -4.313359       -6.277288       -5.649560       -0.114674               0               0               0               0
invg(-1)                    0.272860        0.161174               0               0        0.829068       -0.104958        0.117304       -0.078674       -0.147969        0.165375        0.431555        0.123831       -0.318838       -0.078674        0.829068        0.115847       -0.350051       -0.570000        0.313505        0.313505        0.282679               0               0               0               0               0        0.029532               0               0               0               0        0.178317        0.178317        0.115906        0.115906       -2.374343       -3.904145       -6.278488       -5.650639       -0.114689               0               0               0               0
sh_ag                      -0.205424        0.861281        0.213453       -0.361367        0.060945        0.702038        0.036832        0.079638        0.463610       -0.124503        0.555781       -0.161256        0.415198        0.079638        0.060945       -0.096732        0.312644        0.420868       -0.236025       -0.236025       -0.087671        0.923116               0               0               0               0        2.285835               0               0               0               0       -0.148894       -0.148894       -0.096781       -0.096781        2.224391        3.416301        5.640693        5.076623        0.095765               0               0               0               0
sh_amb                      0.000080        0.000047               0               0       -0.000951       -0.000031        0.000034        0.001170       -0.000043        0.000048        0.000126        0.000036       -0.000093        0.001170       -0.000951       -0.003950        0.009560        0.004882        0.000091        0.000091        0.000082               0        0.008000        1.000000               0               0       -0.166101               0               0               0               0       -0.006080       -0.006080       -0.003952       -0.003952        0.026175        0.103951        0.130126        0.117113        0.003910               0               0               0               0
sh_ad                       1.255237       -0.241175       -0.213453        0.361367        0.079691        0.653459       -0.175483        0.199880        1.447361       -0.070965        1.104603       -0.320429        0.825032        0.199880        0.079691       -0.192416        0.730100        0.621876        1.442218        1.442218       -0.246448               0               0               0        1.000000               0        4.495312               0               0               0               0       -0.296175       -0.296175       -0.192514       -0.192514        3.419014        7.800076       11.219090       10.097181        0.190492               0               0               0               0
sh_fg                              0               0               0               0               0               0               0               0               0               0               0               0               0               0               0               0               0               0               0               0               0               0               0               0               0               0               0               0               0               0        1.000000               0               0               0       -1.554790               0               0               0               0               0               0               0               0               0
sh_fd                              0               0               0               0               0               0               0               0               0               0               0               0               0               0               0               0               0               0               0               0               0               0               0               0               0               0               0               0               0        1.000000               0               0               0       -1.554790               0               0               0               0               0               0               0               0               0               0
sh_fin                             0               0               0               0               0               0               0               0               0               0               0               0               0               0               0               0               0               0               0               0               0               0               0               0               0        1.000000               0               0               0               0               0               0               0               0               0               0       10.516340       10.516340        9.464706               0               0               0               0               0
[Warning: Aggregate variance and sum of variances by shocks differ by more than 0.01 %] 
[> In <a href="matlab:matlab.internal.language.introspective.errorDocCallback('th_autocovariances', 'C:\dynare\5.5\matlab\th_autocovariances.m', 206)" style="font-weight:bold">th_autocovariances</a> (<a href="matlab: opentoline('C:\dynare\5.5\matlab\th_autocovariances.m',206,0)">line 206</a>)
In <a href="matlab:matlab.internal.language.introspective.errorDocCallback('disp_th_moments', 'C:\dynare\5.5\matlab\disp_th_moments.m', 40)" style="font-weight:bold">disp_th_moments</a> (<a href="matlab: opentoline('C:\dynare\5.5\matlab\disp_th_moments.m',40,0)">line 40</a>)
In <a href="matlab:matlab.internal.language.introspective.errorDocCallback('stoch_simul', 'C:\dynare\5.5\matlab\stoch_simul.m', 210)" style="font-weight:bold">stoch_simul</a> (<a href="matlab: opentoline('C:\dynare\5.5\matlab\stoch_simul.m',210,0)">line 210</a>)
In <a href="matlab:matlab.internal.language.introspective.errorDocCallback('ambig_envir_fin.driver', 'C:\Users\marco\Desktop\Economics and Finance (PhD in)\Research2\Ambig_enivr_codes\financial\+ambig_envir_fin\driver.m', 545)" style="font-weight:bold">ambig_envir_fin.driver</a> (<a href="matlab: opentoline('C:\Users\marco\Desktop\Economics and Finance (PhD in)\Research2\Ambig_enivr_codes\financial\+ambig_envir_fin\driver.m',545,0)">line 545</a>)
In <a href="matlab:matlab.internal.language.introspective.errorDocCallback('dynare', 'C:\dynare\5.5\matlab\dynare.m', 281)" style="font-weight:bold">dynare</a> (<a href="matlab: opentoline('C:\dynare\5.5\matlab\dynare.m',281,0)">line 281</a>)] 


THEORETICAL MOMENTS
VARIABLE           MEAN   STD. DEV.    VARIANCE
yd               1.3724      0.0022      0.0000
yg               0.8107      0.0220      0.0005
pd               1.0522      0.0050      0.0000
pg               0.8963      0.0084      0.0001
kg               5.9415      0.0990      0.0098
wg               1.2315      0.0176      0.0003
hg               0.4130      0.0017      0.0000
kd              11.8088      0.0949      0.0090
wd               1.7362      0.0129      0.0002
hd               0.5822      0.0023      0.0000
y                2.1706      0.0181      0.0003
lambda           0.3353      0.0038      0.0000
c                1.7269      0.0098      0.0001
invd             0.2952      0.0044      0.0000
invg             0.1485      0.0054      0.0000
r                1.0101      0.0009      0.0000
qd               1.0000      0.0020      0.0000
qg               1.0000      0.0020      0.0000
m             1661.0888      0.0869      0.0076
e                2.2526      0.0025      0.0000
h                0.9952      0.0019      0.0000
ag               0.9231      0.0192      0.0004
amb              0.0080      0.0029      0.0000
zamb             0.0000      0.3671      0.1347
ad               1.0000      0.0000      0.0000
fin              1.0000      0.0000      0.0000
welf           -83.3850      0.1406      0.0198
taud             0.0000      0.0000      0.0000
taug             0.0000      0.0000      0.0000
fd               0.3500      0.0000      0.0000
fg               0.3500      0.0000      0.0000
zd               1.5548      0.0014      0.0000
zg               1.5548      0.0014      0.0000
ezd              1.0106      0.0009      0.0000
ezg              1.0106      0.0009      0.0000
lg               5.2912      0.0894      0.0080
ld              10.5163      0.0893      0.0080
l               15.8075      0.1739      0.0302
b               14.2268      0.1565      0.0245
disc             1.0000      0.0009      0.0000
spreadd          1.5392      0.0000      0.0000
spreadg          1.5392      0.0000      0.0000
diffz            1.0000      0.0000      0.0000
kappa_flu        0.1000      0.0000      0.0000



VARIANCE DECOMPOSITION (in percent)
              sh_ag  sh_amb   sh_ad   sh_fg   sh_fd  sh_fin
yd             0.00  100.00    0.00    0.00    0.00    0.00
yg             0.00  100.00    0.00    0.00    0.00    0.00
pd             0.00  100.00    0.00    0.00    0.00    0.00
pg             0.00  100.00    0.00    0.00    0.00    0.00
kg             0.00  100.00    0.00    0.00    0.00    0.00
wg             0.00  100.00    0.00    0.00    0.00    0.00
hg             0.00  100.00    0.00    0.00    0.00    0.00
kd             0.00  100.00    0.00    0.00    0.00    0.00
wd             0.00  100.00    0.00    0.00    0.00    0.00
hd             0.00  100.00    0.00    0.00    0.00    0.00
y              0.00  100.00    0.00    0.00    0.00    0.00
lambda         0.00  100.00    0.00    0.00    0.00    0.00
c              0.00  100.00    0.00    0.00    0.00    0.00
invd           0.00  100.00    0.00    0.00    0.00    0.00
invg           0.00  100.00    0.00    0.00    0.00    0.00
r              0.00  100.00    0.00    0.00    0.00    0.00
qd             0.00  100.00    0.00    0.00    0.00    0.00
qg             0.00  100.00    0.00    0.00    0.00    0.00
m              0.00  100.00    0.00    0.00    0.00    0.00
e              0.00  100.00    0.00    0.00    0.00    0.00
h              0.00  100.00    0.00    0.00    0.00    0.00
ag             0.00  100.00    0.00    0.00    0.00    0.00
amb            0.00  100.00    0.00    0.00    0.00    0.00
zamb           0.00  100.00    0.00    0.00    0.00    0.00
ad             0.00    0.02   99.98    0.00    0.00    0.00
fin            0.00    0.01    0.00    0.00    0.00   99.99
welf           0.00  100.00    0.00    0.00    0.00    0.00
taud            NaN     NaN     NaN     NaN     NaN     NaN
taug           0.00  100.00    0.00    0.00    0.00    0.00
fd             0.00    0.00    0.00    0.00  100.00    0.00
fg             0.00    0.00    0.00  100.00    0.00    0.00
zd             0.00  100.00    0.00    0.00    0.00    0.00
zg             0.00  100.00    0.00    0.00    0.00    0.00
ezd            0.00  100.00    0.00    0.00    0.00    0.00
ezg            0.00  100.00    0.00    0.00    0.00    0.00
lg             0.00  100.00    0.00    0.00    0.00    0.00
ld             0.00  100.00    0.00    0.00    0.00    0.00
l              0.00  100.00    0.00    0.00    0.00    0.00
b              0.00  100.00    0.00    0.00    0.00    0.00
disc           0.00  100.00    0.00    0.00    0.00    0.00
spreadd        0.00  100.00    0.00    0.00    0.00    0.00
spreadg        0.00  100.00    0.00    0.00    0.00    0.00
diffz          0.00  100.00    0.00    0.00    0.00    0.00
kappa_flu      0.00  100.00    0.00    0.00    0.00    0.00



MATRIX OF CORRELATIONS
Variables         yd       yg       pd       pg       kg       wg       hg       kd       wd       hd        y   lambda        c     invd     invg        r       qd       qg        m        e        h       ag      amb     zamb     welf       zd       zg      ezd      ezg       lg       ld        l        b     disc
yd            1.0000  -0.7480  -0.7720   0.7720  -0.2438  -0.6593  -0.8831   0.0805  -0.5316   0.4807  -0.6898   0.5158  -0.5158  -0.5511  -0.9211  -0.3451  -0.0516  -0.7609   0.0871   1.0000  -0.2043  -0.8072   0.7783   0.7783  -0.6352  -0.3451  -0.3451  -0.3451  -0.3451  -0.3123   0.0753  -0.1219  -0.1219   0.3451
yg           -0.7480   1.0000   0.9993  -0.9993   0.8152   0.9883   0.8808   0.5549   0.9468  -0.8948   0.9965  -0.9321   0.9321   0.9166   0.8940   0.0332   0.1311   0.4773  -0.5755  -0.7480  -0.2958   0.9949  -0.6248  -0.6248   0.9267   0.0332   0.0332   0.0332   0.0332   0.8526   0.5605   0.7261   0.7261  -0.0332
pd           -0.7720   0.9993   1.0000  -1.0000   0.7943   0.9831   0.8927   0.5269   0.9364  -0.8837   0.9927  -0.9213   0.9213   0.9085   0.9074   0.0510   0.1284   0.4994  -0.5560  -0.7720  -0.2718   0.9977  -0.6417  -0.6417   0.9228   0.0510   0.0510   0.0510   0.0510   0.8339   0.5326   0.7022   0.7022  -0.0510
pg            0.7720  -0.9993  -1.0000   1.0000  -0.7943  -0.9831  -0.8927  -0.5269  -0.9364   0.8837  -0.9927   0.9213  -0.9213  -0.9085  -0.9074  -0.0510  -0.1284  -0.4994   0.5560   0.7720   0.2718  -0.9977   0.6417   0.6417  -0.9228  -0.0510  -0.0510  -0.0510  -0.0510  -0.8339  -0.5326  -0.7022  -0.7022   0.0510
kg           -0.2438   0.8152   0.7943  -0.7943   1.0000   0.8839   0.4897   0.9114   0.9415  -0.9297   0.8585  -0.9406   0.9406   0.8411   0.4793  -0.1814   0.0723   0.0299  -0.7782  -0.2438  -0.6843   0.7562  -0.3049  -0.3049   0.8462  -0.1814  -0.1814  -0.1814  -0.1814   0.9945   0.8970   0.9718   0.9718   0.1814
wg           -0.6593   0.9883   0.9831  -0.9831   0.8839   1.0000   0.7985   0.6728   0.9848  -0.9509   0.9949  -0.9764   0.9764   0.9024   0.8200  -0.0009   0.1082   0.4165  -0.6566  -0.6593  -0.4362   0.9729  -0.5961  -0.5961   0.9538  -0.0009  -0.0009  -0.0009  -0.0009   0.9159   0.6705   0.8151   0.8151   0.0009
hg           -0.8831   0.8808   0.8927  -0.8927   0.4897   0.7985   1.0000   0.1147   0.6841  -0.5779   0.8494  -0.6497   0.6497   0.8370   0.9783   0.1063   0.1965   0.5625  -0.2420  -0.8831   0.1911   0.9045  -0.5856  -0.5856   0.6902   0.1063   0.1063   0.1063   0.1063   0.5350   0.1473   0.3507   0.3507  -0.1063
kd            0.0805   0.5549   0.5269  -0.5269   0.9114   0.6728   0.1147   1.0000   0.7904  -0.8350   0.6154  -0.8085   0.8085   0.5528   0.1419  -0.2474   0.0094  -0.1207  -0.8037   0.0805  -0.9026   0.4852  -0.1322  -0.1322   0.6860  -0.2474  -0.2474  -0.2474  -0.2474   0.8956   0.9721   0.9595   0.9595   0.2474
wd           -0.5316   0.9468   0.9364  -0.9364   0.9415   0.9848   0.6841   0.7904   1.0000  -0.9851   0.9658  -0.9982   0.9982   0.8683   0.7113  -0.0501   0.0856   0.3246  -0.7316  -0.5316  -0.5787   0.9188  -0.5341  -0.5341   0.9533  -0.0501  -0.0501  -0.0501  -0.0501   0.9652   0.7806   0.8970   0.8970   0.0501
hd            0.4807  -0.8948  -0.8837   0.8837  -0.9297  -0.9509  -0.5779  -0.8350  -0.9851   1.0000  -0.9154   0.9936  -0.9936  -0.7758  -0.6271   0.0181  -0.0283  -0.3202   0.7554   0.4807   0.6907  -0.8672   0.5539   0.5539  -0.9543   0.0181   0.0181   0.0181   0.0181  -0.9544  -0.8115  -0.9073  -0.9073  -0.0181
y            -0.6898   0.9965   0.9927  -0.9927   0.8585   0.9949   0.8494   0.6154   0.9658  -0.9154   1.0000  -0.9517   0.9517   0.9304   0.8590  -0.0074   0.1365   0.4246  -0.6168  -0.6898  -0.3484   0.9835  -0.5834  -0.5834   0.9308  -0.0074  -0.0074  -0.0074  -0.0074   0.8907   0.6210   0.7767   0.7767   0.0074
lambda        0.5158  -0.9321  -0.9213   0.9213  -0.9406  -0.9764  -0.6497  -0.8085  -0.9982   0.9936  -0.9517   1.0000  -1.0000  -0.8393  -0.6846   0.0392  -0.0661  -0.3242   0.7423   0.5158   0.6193  -0.9041   0.5427   0.5427  -0.9569   0.0392   0.0392   0.0392   0.0392  -0.9647  -0.7939  -0.9036  -0.9036  -0.0392
c            -0.5158   0.9321   0.9213  -0.9213   0.9406   0.9764   0.6497   0.8085   0.9982  -0.9936   0.9517  -1.0000   1.0000   0.8393   0.6846  -0.0392   0.0661   0.3242  -0.7423  -0.5158  -0.6193   0.9041  -0.5427  -0.5427   0.9569  -0.0392  -0.0392  -0.0392  -0.0392   0.9647   0.7939   0.9036   0.9036   0.0392
invd         -0.5511   0.9166   0.9085  -0.9085   0.8411   0.9024   0.8370   0.5528   0.8683  -0.7758   0.9304  -0.8393   0.8393   1.0000   0.7725  -0.1599   0.2372   0.2248  -0.5312  -0.5511  -0.1915   0.8842  -0.3474  -0.3474   0.7756  -0.1599  -0.1599  -0.1599  -0.1599   0.8521   0.5841   0.7380   0.7380   0.1599
invg         -0.9211   0.8940   0.9074  -0.9074   0.4793   0.8200   0.9783   0.1419   0.7113  -0.6271   0.8590  -0.6846   0.6846   0.7725   1.0000   0.1773   0.1423   0.6487  -0.2838  -0.9211   0.1125   0.9275  -0.6838  -0.6838   0.7449   0.1773   0.1773   0.1773   0.1773   0.5341   0.1612   0.3573   0.3573  -0.1773
r            -0.3451   0.0332   0.0510  -0.0510  -0.1814  -0.0009   0.1063  -0.2474  -0.0501   0.0181  -0.0074   0.0392  -0.0392  -0.1599   0.1773   1.0000  -0.8937  -0.0948   0.1688  -0.3451   0.1160   0.0758  -0.7592  -0.7592   0.2487   1.0000   1.0000   1.0000   1.0000  -0.1992  -0.4527  -0.3348  -0.3348  -1.0000
qd           -0.0516   0.1311   0.1284  -0.1284   0.0723   0.1082   0.1965   0.0094   0.0856  -0.0283   0.1365  -0.0661   0.0661   0.2372   0.1423  -0.8937   1.0000   0.4791  -0.0418  -0.0516   0.1401   0.1282   0.5312   0.5312  -0.1708  -0.8937  -0.8937  -0.8937  -0.8937   0.1279   0.2435   0.1908   0.1908   0.8937
qg           -0.7609   0.4773   0.4994  -0.4994   0.0299   0.4165   0.5625  -0.1207   0.3246  -0.3202   0.4246  -0.3242   0.3242   0.2248   0.6487  -0.0948   0.4791   1.0000  -0.0371  -0.7609   0.1132   0.5470  -0.4016  -0.4016   0.3270  -0.0948  -0.0948  -0.0948  -0.0948   0.1333  -0.0099   0.0634   0.0634   0.0948
m             0.0871  -0.5755  -0.5560   0.5560  -0.7782  -0.6566  -0.2420  -0.8037  -0.7316   0.7554  -0.6168   0.7423  -0.7423  -0.5312  -0.2838   0.1688  -0.0418  -0.0371   1.0000   0.0871   0.6941  -0.5294   0.2187   0.2187  -0.6562   0.1688   0.1688   0.1688   0.1688  -0.7777  -0.7878  -0.8043  -0.8043  -0.1688
e             1.0000  -0.7480  -0.7720   0.7720  -0.2438  -0.6593  -0.8831   0.0805  -0.5316   0.4807  -0.6898   0.5158  -0.5158  -0.5511  -0.9211  -0.3451  -0.0516  -0.7609   0.0871   1.0000  -0.2043  -0.8072   0.7783   0.7783  -0.6352  -0.3451  -0.3451  -0.3451  -0.3451  -0.3123   0.0753  -0.1219  -0.1219   0.3451
h            -0.2043  -0.2958  -0.2718   0.2718  -0.6843  -0.4362   0.1911  -0.9026  -0.5787   0.6907  -0.3484   0.6193  -0.6193  -0.1915   0.1125   0.1160   0.1401   0.1132   0.6941  -0.2043   1.0000  -0.2416   0.1473   0.1473  -0.5362   0.1160   0.1160   0.1160   0.1160  -0.6739  -0.8454  -0.7805  -0.7805  -0.1160
ag           -0.8072   0.9949   0.9977  -0.9977   0.7562   0.9729   0.9045   0.4852   0.9188  -0.8672   0.9835  -0.9041   0.9041   0.8842   0.9275   0.0758   0.1282   0.5470  -0.5294  -0.8072  -0.2416   1.0000  -0.6690  -0.6690   0.9157   0.0758   0.0758   0.0758   0.0758   0.8009   0.4919   0.6643   0.6643  -0.0758
amb           0.7783  -0.6248  -0.6417   0.6417  -0.3049  -0.5961  -0.5856  -0.1322  -0.5341   0.5539  -0.5834   0.5427  -0.5427  -0.3474  -0.6838  -0.7592   0.5312  -0.4016   0.2187   0.7783   0.1473  -0.6690   1.0000   1.0000  -0.7567  -0.7592  -0.7592  -0.7592  -0.7592  -0.3353   0.0033  -0.1706  -0.1706   0.7592
zamb          0.7783  -0.6248  -0.6417   0.6417  -0.3049  -0.5961  -0.5856  -0.1322  -0.5341   0.5539  -0.5834   0.5427  -0.5427  -0.3474  -0.6838  -0.7592   0.5312  -0.4016   0.2187   0.7783   0.1473  -0.6690   1.0000   1.0000  -0.7567  -0.7592  -0.7592  -0.7592  -0.7592  -0.3353   0.0033  -0.1706  -0.1706   0.7592
welf         -0.6352   0.9267   0.9228  -0.9228   0.8462   0.9538   0.6902   0.6860   0.9533  -0.9543   0.9308  -0.9569   0.9569   0.7756   0.7449   0.2487  -0.1708   0.3270  -0.6562  -0.6352  -0.5362   0.9157  -0.7567  -0.7567   1.0000   0.2487   0.2487   0.2487   0.2487   0.8684   0.6185   0.7640   0.7640  -0.2487
zd           -0.3451   0.0332   0.0510  -0.0510  -0.1814  -0.0009   0.1063  -0.2474  -0.0501   0.0181  -0.0074   0.0392  -0.0392  -0.1599   0.1773   1.0000  -0.8937  -0.0948   0.1688  -0.3451   0.1160   0.0758  -0.7592  -0.7592   0.2487   1.0000   1.0000   1.0000   1.0000  -0.1992  -0.4527  -0.3348  -0.3348  -1.0000
zg           -0.3451   0.0332   0.0510  -0.0510  -0.1814  -0.0009   0.1063  -0.2474  -0.0501   0.0181  -0.0074   0.0392  -0.0392  -0.1599   0.1773   1.0000  -0.8937  -0.0948   0.1688  -0.3451   0.1160   0.0758  -0.7592  -0.7592   0.2487   1.0000   1.0000   1.0000   1.0000  -0.1992  -0.4527  -0.3348  -0.3348  -1.0000
ezd          -0.3451   0.0332   0.0510  -0.0510  -0.1814  -0.0009   0.1063  -0.2474  -0.0501   0.0181  -0.0074   0.0392  -0.0392  -0.1599   0.1773   1.0000  -0.8937  -0.0948   0.1688  -0.3451   0.1160   0.0758  -0.7592  -0.7592   0.2487   1.0000   1.0000   1.0000   1.0000  -0.1992  -0.4527  -0.3348  -0.3348  -1.0000
ezg          -0.3451   0.0332   0.0510  -0.0510  -0.1814  -0.0009   0.1063  -0.2474  -0.0501   0.0181  -0.0074   0.0392  -0.0392  -0.1599   0.1773   1.0000  -0.8937  -0.0948   0.1688  -0.3451   0.1160   0.0758  -0.7592  -0.7592   0.2487   1.0000   1.0000   1.0000   1.0000  -0.1992  -0.4527  -0.3348  -0.3348  -1.0000
lg           -0.3123   0.8526   0.8339  -0.8339   0.9945   0.9159   0.5350   0.8956   0.9652  -0.9544   0.8907  -0.9647   0.9647   0.8521   0.5341  -0.1992   0.1279   0.1333  -0.7777  -0.3123  -0.6739   0.8009  -0.3353  -0.3353   0.8684  -0.1992  -0.1992  -0.1992  -0.1992   1.0000   0.8943   0.9732   0.9732   0.1992
ld            0.0753   0.5605   0.5326  -0.5326   0.8970   0.6705   0.1473   0.9721   0.7806  -0.8115   0.6210  -0.7939   0.7939   0.5841   0.1612  -0.4527   0.2435  -0.0099  -0.7878   0.0753  -0.8454   0.4919   0.0033   0.0033   0.6185  -0.4527  -0.4527  -0.4527  -0.4527   0.8943   1.0000   0.9732   0.9732   0.4527
l            -0.1219   0.7261   0.7022  -0.7022   0.9718   0.8151   0.3507   0.9595   0.8970  -0.9073   0.7767  -0.9036   0.9036   0.7380   0.3573  -0.3348   0.1908   0.0634  -0.8043  -0.1219  -0.7805   0.6643  -0.1706  -0.1706   0.7640  -0.3348  -0.3348  -0.3348  -0.3348   0.9732   0.9732   1.0000   1.0000   0.3348
b            -0.1219   0.7261   0.7022  -0.7022   0.9718   0.8151   0.3507   0.9595   0.8970  -0.9073   0.7767  -0.9036   0.9036   0.7380   0.3573  -0.3348   0.1908   0.0634  -0.8043  -0.1219  -0.7805   0.6643  -0.1706  -0.1706   0.7640  -0.3348  -0.3348  -0.3348  -0.3348   0.9732   0.9732   1.0000   1.0000   0.3348
disc          0.3451  -0.0332  -0.0510   0.0510   0.1814   0.0009  -0.1063   0.2474   0.0501  -0.0181   0.0074  -0.0392   0.0392   0.1599  -0.1773  -1.0000   0.8937   0.0948  -0.1688   0.3451  -0.1160  -0.0758   0.7592   0.7592  -0.2487  -1.0000  -1.0000  -1.0000  -1.0000   0.1992   0.4527   0.3348   0.3348   1.0000



COEFFICIENTS OF AUTOCORRELATION
Order           1        2        3        4        5
yd         0.9847   0.9486   0.8994   0.8427   0.7823
yg         0.9957   0.9842   0.9668   0.9446   0.9186
pd         0.9953   0.9829   0.9643   0.9407   0.9132
pg         0.9953   0.9829   0.9643   0.9407   0.9132
kg         0.9988   0.9952   0.9892   0.9810   0.9706
wg         0.9963   0.9868   0.9726   0.9548   0.9340
hg         0.9946   0.9790   0.9541   0.9211   0.8814
kd         0.9992   0.9968   0.9929   0.9875   0.9806
wd         0.9973   0.9905   0.9803   0.9677   0.9530
hd         0.9957   0.9859   0.9728   0.9582   0.9429
y          0.9965   0.9869   0.9719   0.9524   0.9293
lambda     0.9969   0.9894   0.9788   0.9660   0.9517
c          0.9969   0.9894   0.9788   0.9660   0.9517
invd       0.9948   0.9809   0.9601   0.9336   0.9026
invg       0.9941   0.9768   0.9492   0.9126   0.8685
r          0.7057   0.4956   0.3469   0.2428   0.1708
qd         0.6108   0.3394   0.1540   0.0308  -0.0479
qg         0.8424   0.6975   0.5659   0.4476   0.3426
m          0.9996   0.9984   0.9964   0.9937   0.9903
e          0.9847   0.9486   0.8994   0.8427   0.7823
h          0.9950   0.9829   0.9663   0.9470   0.9264
ag         0.9945   0.9801   0.9586   0.9316   0.9004
amb        0.9000   0.8100   0.7290   0.6561   0.5905
zamb       0.9000   0.8100   0.7290   0.6561   0.5905
welf       0.9819   0.9630   0.9437   0.9242   0.9046
zd         0.7057   0.4956   0.3469   0.2428   0.1708
zg         0.7057   0.4956   0.3469   0.2428   0.1708
ezd        0.7057   0.4956   0.3469   0.2428   0.1708
ezg        0.7057   0.4956   0.3469   0.2428   0.1708
lg         0.9967   0.9914   0.9843   0.9755   0.9650
ld         0.9775   0.9603   0.9464   0.9343   0.9230
l          0.9892   0.9794   0.9700   0.9603   0.9502
b          0.9892   0.9794   0.9700   0.9603   0.9502
disc       0.7057   0.4956   0.3469   0.2428   0.1708
Total computing time : 0h00m00s
Note: warning(s) encountered in MATLAB/Octave code
